name: biosearch
channels:
  - conda-forge
  - defaults
dependencies:
  - asttokens=2.0.5=pyhd8ed1ab_0
  - backcall=0.2.0=pyh9f0ad1d_0
  - backports=1.0=py_2
  - backports.functools_lru_cache=1.6.4=pyhd8ed1ab_0
  - bzip2=1.0.8=h8ffe710_4
  - ca-certificates=2021.10.8=h5b45459_0
  - colorama=0.4.4=pyh9f0ad1d_0
  - debugpy=1.5.1=py39h415ef7b_0
  - decorator=5.1.1=pyhd8ed1ab_0
  - entrypoints=0.4=pyhd8ed1ab_0
  - executing=0.8.3=pyhd8ed1ab_0
  - intel-openmp=2022.0.0=h57928b3_3663
  - ipykernel=6.10.0=py39h832f523_0
  - ipython=8.2.0=py39hcbf5309_0
  - jedi=0.18.1=py39hcbf5309_0
  - jupyter_client=7.2.1=pyhd8ed1ab_0
  - jupyter_core=4.9.2=py39hcbf5309_0
  - libblas=3.9.0=13_win64_mkl
  - libcblas=3.9.0=13_win64_mkl
  - libffi=3.4.2=h8ffe710_5
  - liblapack=3.9.0=13_win64_mkl
  - libsodium=1.0.18=h8d14728_1
  - libzlib=1.2.11=h8ffe710_1014
  - matplotlib-inline=0.1.3=pyhd8ed1ab_0
  - mkl=2022.0.0=h0e2418a_796
  - nest-asyncio=1.5.4=pyhd8ed1ab_0
  - numpy=1.22.3=py39h6331f09_0
  - openssl=3.0.2=h8ffe710_1
  - pandas=1.4.1=py39h2e25243_0
  - parso=0.8.3=pyhd8ed1ab_0
  - pickleshare=0.7.5=py_1003
  - pip=22.0.4=pyhd8ed1ab_0
  - prompt-toolkit=3.0.27=pyha770c72_0
  - psutil=5.9.0=py39hb82d6ee_0
  - pure_eval=0.2.2=pyhd8ed1ab_0
  - pygments=2.11.2=pyhd8ed1ab_0
  - python=3.9.12=hcf16a7b_1_cpython
  - python-dateutil=2.8.2=pyhd8ed1ab_0
  - python_abi=3.9=2_cp39
  - pytz=2022.1=pyhd8ed1ab_0
  - pywin32=303=py39hb82d6ee_0
  - pyzmq=22.3.0=py39he46f08e_1
  - setuptools=61.2.0=py39hcbf5309_3
  - six=1.16.0=pyh6c4a22f_0
  - sqlite=3.37.1=h8ffe710_0
  - stack_data=0.2.0=pyhd8ed1ab_0
  - tbb=2021.5.0=h2d74725_0
  - tk=8.6.12=h8ffe710_0
  - tornado=6.1=py39hb82d6ee_2
  - traitlets=5.1.1=pyhd8ed1ab_0
  - tzdata=2022a=h191b570_0
  - ucrt=10.0.20348.0=h57928b3_0
  - vc=14.2=hb210afc_6
  - vs2015_runtime=14.29.30037=h902a5da_6
  - wcwidth=0.2.5=pyh9f0ad1d_2
  - wheel=0.37.1=pyhd8ed1ab_0
  - xz=5.2.5=h62dcd97_1
  - zeromq=4.3.4=h0e60522_1
prefix: C:\Users\piert\anaconda3\envs\biosearch
